s_ = 1.0 1.0 1.0 
d_x
1.0 1.0 0.0 
1.0 1.0 0.0 
0.0 0.0 0.5 
t_ = 1.0 1.0 1.0 
-------------------- 
s_ = 1.0 1.0 1.0 
s_x = 1.0 1.0 0.5 
s_xx = 1.0 1.0 0.25 
s_xxx = 1.0 1.0 0.125 
s_xxxx = 1.0 1.0 0.0625 
s_xxxxx = 1.0 1.0 0.03125 
s_xxxxxx = 1.0 1.0 0.015625 
s_xxxxxxx = 1.0 1.0 0.0 
s_xxxxxxxx = 1.0 1.0 0.0 🔳
