s_ = 1 1 1 
d_x
1 1 0 
1 1 0 
0 0 1/2 
t_ = 1 1 1 
-------------------- 
t_ = 1 1 1 
t_x = 1.0 1.0 0.5 
t_xx = 1.0 1.0 0.25 
t_xxx = 1.0 1.0 0.125 
t_xxxx = 1.0 1.0 0.0625 
t_xxxxx = 1.0 1.0 0.03125 
t_xxxxxx = 1.0 1.0 0.015625 
t_xxxxxxx = 1.0 1.0 0.0078125 
t_xxxxxxxx = 1.0 1.0 0.00390625 
t_xxxxxxxxx = 1.0 1.0 0.001953125 
t_xxxxxxxxxx = 1.0 1.0 0.0 
t_xxxxxxxxxxx = 1.0 1.0 0.0 🔳
